permutation num 	 num of swaps
0	2483
1	2556
2	2134
3	2488
4	2569
5	2578
6	2454
7	2494
8	2408
9	2296
10	2507
11	2692
12	2335
13	2604
14	2388
15	2551
16	2724
17	2397
18	2438
19	2261
20	2608
21	2544
22	2265
23	2606
24	2387
25	2546
26	2833
27	2553
28	2606
29	2536
30	2586
31	2612
32	2462
33	2422
34	2165
35	2504
36	2512
37	2681
38	2870
39	2580
40	2502
41	2240
42	2453
43	2415
44	2623
45	2497
46	2634
47	2287
48	2561
49	2480
50	2939
51	2703
52	2381
53	2461
54	2519
55	2171
56	2519
57	2379
58	2577
59	2225
60	2363
61	2656
62	2608
63	2412
64	2567
65	2609
66	2472
67	2517
68	2693
69	2335
70	2756
71	2472
72	2315
73	2420
74	2364
75	2370
76	2133
77	2102
78	2548
79	2666
80	2509
81	2524
82	2647
83	2258
84	2555
85	2483
86	2759
87	2659
88	2081
89	2382
90	2125
91	2276
92	2472
93	2053
94	2383
95	2597
96	2438
97	2342
98	2712
99	2382
100	2408
101	2608
102	2619
103	2633
104	2495
105	2374
106	2571
107	2185
108	2410
109	2150
110	2487
111	2885
112	2598
113	2461
114	2378
115	2554
116	2473
117	2710
118	2474
119	2971
120	2443
121	2193
122	2363
123	2598
124	2481
125	2514
126	2086
127	2250
128	2537
129	2432
130	2319
131	2500
132	2416
133	2510
134	2530
135	2650
136	2379
137	2481
138	2304
139	2494
140	2718
141	2254
142	2351
143	2484
144	2336
145	2483
146	2442
147	2561
148	2197
149	2614
150	2180
151	2350
152	2379
153	2570
154	2671
155	2284
156	2341
157	2310
158	2438
159	2323
160	2445
161	2662
162	2608
163	2164
164	2388
165	2454
166	2415
167	2483
168	2397
169	2571
170	2567
171	2114
172	2318
173	2360
174	2539
175	2325
176	2459
177	2419
178	2266
179	2401
180	2622
181	2526
182	2093
183	2653
184	2384
185	2437
186	2504
187	2577
188	2331
189	2395
190	2309
191	2523
192	2310
193	2254
194	2617
195	2062
196	2663
197	2163
198	2172
199	2539
200	2482
201	2465
202	2596
203	2636
204	2197
205	2803
206	2342
207	2460
208	2019
209	2056
210	2476
211	2283
212	2650
213	2124
214	2647
215	2417
216	2505
217	2437
218	2383
219	2595
220	2418
221	2405
222	2500
223	2252
224	2197
225	2694
226	2402
227	2395
228	2522
229	2339
230	2457
231	2483
232	2408
233	2827
234	2116
235	2603
236	2348
237	2570
238	2385
239	2336
240	2686
241	2305
242	2395
243	2421
244	2269
245	2798
246	2210
247	2480
248	2723
249	2538
250	2618
251	2778
252	2546
253	2513
254	2535
255	2681
256	2534
257	2641
258	2602
259	2563
260	2495
261	2521
262	2520
263	2454
264	2632
265	2625
266	2598
267	2709
268	2348
269	2718
270	2546
271	2785
272	2300
273	2170
274	2563
275	2440
276	2459
277	2396
278	2388
279	2374
280	2538
281	2322
282	2786
283	2487
284	2407
285	2386
286	2504
287	2490
288	2277
289	2733
290	2276
291	2590
292	2355
293	2513
294	2414
295	2598
296	2363
297	2340
298	2497
299	2530
300	2667
301	2353
302	2469
303	2170
304	2239
305	2713
306	2475
307	2229
308	2706
309	2274
310	2804
311	2233
312	2505
313	2588
314	2612
315	2497
316	2633
317	2246
318	2340
319	2574
320	2210
321	2598
322	2306
323	2518
324	2580
325	2490
326	2707
327	2639
328	2480
329	2205
330	2605
331	2595
332	2499
333	2329
334	2307
335	2458
336	2194
337	2379
338	2373
339	2328
340	2519
341	2482
342	2490
343	2765
344	2617
345	2360
346	2422
347	2459
348	2594
349	2406
350	2371
351	2674
352	2558
353	2561
354	2846
355	2652
356	2639
357	2684
358	2228
359	2616
360	2221
361	2730
362	2631
363	2553
364	2518
365	2460
366	2652
367	2591
368	2408
369	2736
370	2473
371	2702
372	2880
373	2686
374	2297
375	2349
376	2429
377	2383
378	2319
379	2602
380	2517
381	2636
382	2179
383	2406
384	2443
385	2862
386	2733
387	2363
388	2846
389	2412
390	2584
391	2485
392	2597
393	2511
394	2926
395	2476
396	2336
397	2681
398	2514
399	2374
400	2609
401	2519
402	2441
403	2407
404	2460
405	2577
406	2601
407	2378
408	2322
409	2525
410	2533
411	2656
412	2430
413	2348
414	2566
415	2390
416	2399
417	2214
418	2332
419	2502
420	2613
421	2207
422	2526
423	2534
424	2656
425	2339
426	2487
427	2610
428	2381
429	2399
430	2656
431	2538
432	2496
433	2834
434	2693
435	2338
436	2426
437	2383
438	2237
439	2496
440	2440
441	2536
442	2397
443	2214
444	2495
445	2587
446	2740
447	2330
448	2954
449	2260
450	2313
451	2631
452	2651
453	2365
454	2697
455	2201
456	2175
457	2481
458	2370
459	2423
460	2534
461	2504
462	2319
463	2476
464	2353
465	2222
466	2488
467	2341
468	2627
469	2498
470	2705
471	2321
472	2372
473	2476
474	2320
475	2748
476	2565
477	2584
478	2583
479	2514
480	2429
481	2679
482	2779
483	2418
484	2208
485	2364
486	2561
487	2827
488	2197
489	2898
490	2264
491	2530
492	2587
493	2398
494	2152
495	2718
496	2318
497	2400
498	2429
499	2452
500	2543
501	2636
502	2361
503	2439
504	2427
505	2540
506	2555
507	2636
508	2351
509	2572
510	2365
511	2246
512	2269
513	2249
514	2433
515	2652
516	2747
517	2695
518	2621
519	2479
520	2680
521	2535
522	2756
523	2499
524	2553
525	2516
526	2424
527	2906
528	2382
529	2621
530	2465
531	2413
532	2605
533	2309
534	2496
535	2622
536	2369
537	2694
538	2466
539	2477
540	2564
541	2333
542	2361
543	2356
544	2527
545	2676
546	2280
547	2555
548	2543
549	2487
550	2690
551	2404
552	2282
553	2469
554	2529
555	2363
556	2464
557	2321
558	2565
559	2179
560	2432
561	2543
562	2087
563	2537
564	2131
565	2441
566	2443
567	2374
568	2499
569	2600
570	2284
571	2620
572	2401
573	2613
574	2501
575	2490
576	2490
577	2545
578	2475
579	2341
580	2208
581	2137
582	2187
583	2529
584	2492
585	2872
586	2518
587	2167
588	2649
589	2720
590	2330
591	2515
592	2471
593	2549
594	2539
595	2486
596	2543
597	2336
598	2397
599	2262
600	2551
601	2340
602	2446
603	2393
604	2515
605	2567
606	2536
607	2067
608	2371
609	2425
610	2452
611	2228
612	2878
613	2751
614	2679
615	2875
616	2419
617	2424
618	2246
619	2506
620	2436
621	2396
622	2591
623	2468
624	2358
625	2451
626	2611
627	2326
628	2613
629	2578
630	2756
631	2510
632	2820
633	2387
634	2583
635	2712
636	2416
637	2521
638	2257
639	2526
640	2503
641	2471
642	2417
643	2432
644	2526
645	2847
646	2134
647	2568
648	2562
649	2571
650	2691
651	2441
652	2198
653	2372
654	2530
655	2702
656	2671
657	2574
658	2792
659	2683
660	2824
661	2383
662	2343
663	2471
664	2460
665	2361
666	2602
667	2610
668	2657
669	2449
670	2311
671	2582
672	2738
673	2390
674	2265
675	2512
676	2346
677	2607
678	2456
679	2646
680	2466
681	2320
682	2571
683	2363
684	2522
685	2625
686	2916
687	2534
688	2693
689	2657
690	2548
691	2559
692	2504
693	2649
694	2651
695	2543
696	2668
697	2397
698	2201
699	2688
700	2535
701	2198
702	2764
703	2668
704	2329
705	2374
706	2502
707	2566
708	2423
709	2538
710	2602
711	2375
712	2703
713	2607
714	2505
715	2892
716	2434
717	2430
718	2568
719	2369
720	2389
721	2605
722	2389
723	2479
724	2402
725	2770
726	2333
727	2281
728	2624
729	2605
730	2490
731	2477
732	2257
733	2425
734	2484
735	2249
736	2390
737	2778
738	2532
739	2729
740	2334
741	2488
742	2061
743	2156
744	2373
745	2529
746	2530
747	2512
748	2381
749	2609
750	2454
751	2541
752	2568
753	2306
754	2428
755	2622
756	2618
757	2439
758	2301
759	2377
760	2392
761	2351
762	2387
763	2350
764	2599
765	2355
766	2647
767	2656
768	2622
769	2395
770	2550
771	2491
772	2249
773	2468
774	2447
775	2340
776	2293
777	2492
778	2698
779	2436
780	2281
781	2696
782	2382
783	2185
784	2315
785	2637
786	2285
787	2641
788	2662
789	2394
790	2656
791	2563
792	2582
793	2524
794	2443
795	2555
796	2601
797	2209
798	2772
799	2358
800	2456
801	2378
802	2629
803	2466
804	2385
805	2524
806	2506
807	2466
808	2758
809	2569
810	2479
811	2371
812	2248
813	2594
814	2231
815	2764
816	2564
817	2416
818	2338
819	2603
820	2858
821	2467
822	2238
823	2249
824	2137
825	2473
826	2490
827	2644
828	2047
829	2167
830	2465
831	2390
832	2374
833	2137
834	2570
835	2550
836	2216
837	2224
838	2389
839	2458
840	2485
841	2374
842	2578
843	2314
844	2708
845	2331
846	2771
847	2311
848	2422
849	2545
850	2572
851	2121
852	2485
853	2505
854	2293
855	2822
856	2534
857	2493
858	2404
859	2450
860	2437
861	2319
862	2634
863	2537
864	2409
865	2718
866	2762
867	2582
868	2631
869	2704
870	2129
871	2450
872	2935
873	2788
874	2248
875	2579
876	2301
877	2594
878	2542
879	2670
880	2926
881	2316
882	2412
883	2648
884	2639
885	2601
886	2653
887	2289
888	2356
889	2346
890	2541
891	2445
892	2488
893	2429
894	2375
895	2215
896	2331
897	2665
898	2575
899	2529
900	2406
901	2501
902	2662
903	2268
904	2346
905	2286
906	2789
907	2337
908	2491
909	2779
910	2617
911	2788
912	2569
913	2481
914	2220
915	2558
916	2655
917	2554
918	2507
919	2662
920	2689
921	2732
922	2400
923	2051
924	2670
925	2451
926	2462
927	2422
928	2603
929	2229
930	2489
931	2139
932	2328
933	2403
934	2756
935	2651
936	2675
937	2752
938	2450
939	2560
940	2343
941	2599
942	2238
943	2670
944	2314
945	2527
946	2392
947	2376
948	2718
949	2326
950	2301
951	2371
952	2825
953	2437
954	2775
955	2796
956	2420
957	2533
958	2458
959	2442
960	2356
961	2248
962	2310
963	2402
964	2250
965	2565
966	2542
967	2486
968	2753
969	2675
970	2556
971	2162
972	2324
973	2469
974	2590
975	2714
976	2506
977	2700
978	2810
979	2429
980	2476
981	2636
982	2578
983	2226
984	2591
985	2519
986	2486
987	2555
988	2465
989	2331
990	2637
991	2550
992	2622
993	2384
994	2209
995	2261
996	2586
997	2583
998	2798
999	2343
