100
545
2305
2362
2567
2651
3135
3526
5211
5403
6862
6996
10012
12399
13750
13784
13926
13929
15434
16124
16649
17276
18456
19582
20059
20925
21530
21729
22862
23058
25857
26505
26808
30886
33069
33367
34022
36226
36327
36915
38335
41421
41873
44043
44919
47178
47739
47793
48094
49676
50846
53895
55736
56429
59956
60336
60492
61313
61393
64370
65123
65782
66413
68690
68980
71087
74067
75011
75198
76091
76229
77084
77373
78042
79802
80540
83426
84421
85386
89172
89383
90027
90364
92754
92777
93368
93584
94324
95060
95368
95788
97281
97763
98167
98315
98537
98586
98814
99170
99932
10012
